0101
0102
0103
0201
0202
0203
0211
0212
0301
0302
0303
0311
0312
1111
1112
1113
1114
1115
1130
1141
1142
1143
1144
1210
1221
1222
1223
1224
1225
1226
1227
1231
1232
1233
1234
1236
1237
1238
1311
1312
1313
1411
1412
1413
1414
1415
1416
1417
1421
1422
1423
1424
1425
1426
1427
2011
2012
2021
2030
2031
2032
2033
2034
2035
2041
2111
2112
2122
2123
2124
2131
2132
2133
2134
2140
2141
2142
2143
2144
2145
2146
2147
2148
2149
2151
2152
2153
2211
2212
2221
2222
2231
2232
2233
2234
2235
2236
2237
2238
2239
2241
2251
2252
2253
2261
2263
2311
2312
2313
2321
2331
2332
2341
2342
2343
2344
2345
2346
2347
2348
2349
2392
2394
2410
2412
2413
2422
2423
2424
2429
2511
2512
2513
2514
2515
2516
2521
2522
2523
2524
2525
2526
2531
2532
2533
2541
2542
2543
2544
2611
2612
2613
2614
2615
2616
2617
2618
2621
2622
2623
2624
2625
2626
2627
2628
2629
2631
2711
3001
3003
3011
3012
3111
3112
3113
3114
3115
3116
3117
3121
3122
3123
3131
3132
3133
3134
3135
3141
3142
3143
3144
3146
3147
3161
3163
3171
3172
3180
3181
3182
3183
3184
3185
3186
3187
3188
3191
3192
3201
3211
3212
3213
3221
3222
3223
3224
3225
3226
3231
3241
3242
3250
3251
3252
3253
3281
3311
3312
3313
3321
3322
3331
3341
3411
3412
3413
3421
3422
3423
3424
3425
3426
3511
3513
3514
3515
3516
3517
3518
3519
3522
3523
3524
3532
3541
3542
3543
3544
3545
3546
3547
3548
3711
3712
3713
3714
3721
3722
3731
3732
3741
3742
3743
3744
3751
3761
3762
3763
3764
3771
3772
3911
3912
3951
4101
4102
4110
4121
4122
4131
4132
4141
4142
4151
4152
4201
4211
4212
4213
4221
4222
4223
4231
4241
5101
5102
5103
5111
5112
5114
5121
5131
5132
5133
5134
5135
5136
5141
5142
5143
5151
5152
5153
5161
5162
5163
5164
5165
5166
5167
5168
5171
5172
5173
5174
5191
5192
5193
5198
5199
5201
5211
5231
5241
5242
5243
6110
6120
6121
6122
6123
6124
6125
6126
6127
6128
6130
6131
6132
6133
6134
6201
6210
6220
6221
6222
6223
6224
6225
6226
6227
6228
6230
6231
6232
6233
6234
6301
6310
6311
6312
6313
6314
6320
6321
6322
6323
6324
6325
6326
6410
6420
6430
7101
7102
7111
7112
7113
7114
7121
7122
7151
7152
7153
7154
7155
7156
7157
7161
7162
7163
7164
7165
7166
7170
7201
7202
7211
7212
7213
7214
7221
7222
7223
7224
7231
7232
7233
7241
7242
7243
7244
7245
7246
7250
7251
7252
7253
7254
7255
7256
7257
7301
7311
7312
7313
7321
7401
7411
7421
7501
7502
7510
7511
7521
7522
7523
7524
7601
7602
7603
7604
7605
7606
7610
7611
7612
7613
7614
7618
7620
7621
7622
7623
7630
7631
7632
7633
7640
7641
7642
7643
7650
7651
7652
7653
7654
7661
7662
7663
7664
7681
7682
7683
7686
7687
7701
7711
7721
7731
7732
7733
7734
7735
7741
7751
7764
7771
7772
7801
7811
7813
7817
7821
7822
7823
7824
7825
7826
7827
7828
7831
7832
7841
7842
7911
8101
8102
8103
8110
8111
8112
8113
8114
8115
8116
8117
8118
8121
8131
8181
8201
8202
8211
8212
8213
8214
8221
8231
8232
8233
8281
8301
8311
8321
8331
8332
8401
8411
8412
8413
8414
8415
8416
8417
8418
8421
8422
8423
8481
8482
8483
8484
8485
8486
8601
8611
8612
8621
8622
8623
8624
8625
9101
9102
9109
9111
9112
9113
9131
9141
9142
9143
9144
9151
9152
9153
9154
9191
9192
9193
9501
9502
9503
9511
9513
9531
9541
9542
9543
9911
9912
9913
9914
9921
9922